kinematics:
    shoulder:
        x: 0
        y: 0
        z: 0.16285597212389769
        roll: -0
        pitch: 0
        yaw: -1.918101211542678e-08
    upper_arm:
        x: 0.00015843742963838489
        y: 0
        z: 0
        roll: 1.5699620273780683
        pitch: 0
        yaw: 7.332028312422725e-06
    forearm:
        x: -0.42528682221953529
        y: 0
        z: 0
        roll: 3.1393468559716249
        pitch: 3.1399177561132814
        yaw: -3.1415911081015349
    wrist_1:
        x: -0.39247630445406045
        y: -0.00031077267255947433
        z: 0.13405772481632322
        roll: 0.0023181962567551859
        pitch: -0.001844011378599808
        yaw: 5.5807782214469434e-06
    wrist_2:
        x: -1.2428686794493599e-05
        y: -0.099768872651854162
        z: 5.8529093092847966e-05
        roll: 1.5702096800300009
        pitch: 0
        yaw: 1.5783431666045254e-06
    wrist_3:
        x: -1.7218313296632879e-05
        y: 0.099565337966702458
        z: 6.9525065804093358e-05
        roll: 1.5714946125228788
        pitch: 3.1415926535897931
        yaw: 3.1415925672459899
    hash: calib_2017067692937228458
